-180.0000	-63.8319
-179.6667	-63.7877
-179.3822	-63.7508
-179.3333	-63.7438
-179.0000	-63.7237
-178.6667	-63.7297
-178.3333	-63.7492
-178.3217	-63.7508
-178.0000	-63.7942
-177.6667	-63.8547
-177.4054	-63.8978
-177.3333	-63.9080
-177.0000	-63.9308
-176.6667	-63.9106
-176.5822	-63.8978
-176.3333	-63.8577
-176.0000	-63.7896
-175.7994	-63.7508
-175.6667	-63.7290
-175.3333	-63.6959
-175.0000	-63.6803
-174.6667	-63.6674
-174.3333	-63.6542
-174.0000	-63.6350
-173.6868	-63.6029
-173.6667	-63.6007
-173.3333	-63.5537
-173.0000	-63.5055
-172.6667	-63.4574
-172.6490	-63.4544
-172.3333	-63.3984
-172.0000	-63.3327
-171.8456	-63.3050
-171.6667	-63.2737
-171.3333	-63.2227
-171.0000	-63.1773
-170.8387	-63.1549
-170.6667	-63.1299
-170.3333	-63.0798
-170.0000	-63.0290
-169.8453	-63.0040
-169.6667	-62.9721
-169.3333	-62.9085
-169.0649	-62.8522
-169.0000	-62.8355
-168.6667	-62.7473
-168.4941	-62.6998
-168.3333	-62.6499
-168.0000	-62.5553
-167.9647	-62.5465
-167.6667	-62.4730
-167.3333	-62.4228
-167.0000	-62.4038
-166.6667	-62.4085
-166.3333	-62.4153
-166.0000	-62.4150
-165.6667	-62.3998
-165.6078	-62.3924
-165.3333	-62.3512
-165.0000	-62.2776
-164.8462	-62.2375
-164.6667	-62.2013
-164.3333	-62.1285
-164.1418	-62.0819
-164.0000	-62.0619
-163.6667	-62.0203
-163.3333	-61.9905
-163.0000	-61.9747
-162.6667	-61.9695
-162.3333	-61.9720
-162.0000	-61.9784
-161.6667	-61.9841
-161.3333	-61.9818
-161.0000	-61.9623
-160.6667	-61.9333
-160.5870	-61.9254
-160.3333	-61.8969
-160.0000	-61.8607
-159.6667	-61.8195
-159.3830	-61.7681
-159.3333	-61.7579
-159.0000	-61.6648
-158.8170	-61.6100
-158.6667	-61.5535
-158.3333	-61.4574
-158.2991	-61.4511
-158.0000	-61.3981
-157.6667	-61.3479
-157.3333	-61.2961
-157.3056	-61.2914
-157.0000	-61.2427
-156.6667	-61.1831
-156.3816	-61.1309
-156.3333	-61.1111
-156.0619	-60.9696
-156.0000	-60.9077
-155.9144	-60.8074
-155.9262	-60.6444
-155.7848	-60.4806
-155.6667	-60.4057
-155.5386	-60.3159
-155.3333	-60.2361
-155.1123	-60.1504
-155.0000	-60.1079
-154.6667	-59.9859
-154.6611	-59.9841
-154.3333	-59.8622
-154.1874	-59.8169
-154.0000	-59.7342
-153.7432	-59.6489
-153.6667	-59.6202
-153.3835	-59.4801
-153.3333	-59.4512
-153.1531	-59.3104
-153.0000	-59.1626
-152.9805	-59.1398
-152.6667	-59.0172
-152.5126	-58.9684
-152.3333	-58.9160
-152.0000	-58.8313
-151.8684	-58.7961
-151.6667	-58.7333
-151.3346	-58.6230
-151.3333	-58.6222
-151.0617	-58.4490
-151.0000	-58.4025
-150.8049	-58.2742
-150.6667	-58.1718
-150.5433	-58.0984
-150.3333	-58.0008
-150.1535	-57.9218
-150.0000	-57.8729
-149.7102	-57.7444
-149.6667	-57.7246
-149.3584	-57.5660
-149.3333	-57.5527
-149.0000	-57.4165
-148.8644	-57.3868
-148.6667	-57.3596
-148.3333	-57.3331
-148.0000	-57.3255
-147.6667	-57.3324
-147.3333	-57.3360
-147.0000	-57.3336
-146.6667	-57.3221
-146.3333	-57.3004
-146.0000	-57.2626
-145.6960	-57.2067
-145.6667	-57.2002
-145.3333	-57.1217
-145.0000	-57.0333
-144.9671	-57.0258
-144.6667	-56.9461
-144.3333	-56.8876
-144.0000	-56.8550
-143.6667	-56.8715
-143.3333	-56.9512
-143.1262	-57.0258
-143.0000	-57.0624
-142.6667	-57.1390
-142.4042	-57.2067
-142.3333	-57.2287
-142.0000	-57.3755
-141.9760	-57.3868
-141.6667	-57.5384
-141.6033	-57.5660
-141.3333	-57.6710
-141.1108	-57.7444
-141.0000	-57.7811
-140.6667	-57.8706
-140.4558	-57.9218
-140.3333	-57.9634
-140.0000	-58.0774
-139.9419	-58.0984
-139.6974	-58.2742
-139.6667	-58.2982
-139.4426	-58.4490
-139.3333	-58.5119
-139.0521	-58.6230
-139.0000	-58.6352
-138.6667	-58.6994
-138.3333	-58.7539
-138.0711	-58.7961
-138.0000	-58.8070
-137.6667	-58.8645
-137.3333	-58.9281
-137.0752	-58.9684
-137.0000	-58.9861
-136.6667	-59.0788
-136.4817	-59.1398
-136.3502	-59.3104
-136.3333	-59.3188
-136.0000	-59.4620
-135.9538	-59.4801
-135.6667	-59.5672
-135.3962	-59.6489
-135.3333	-59.6652
-135.0000	-59.7486
-134.7230	-59.8169
-134.6667	-59.8309
-134.3333	-59.9079
-134.0000	-59.9744
-133.9476	-59.9841
-133.6667	-60.0467
-133.3461	-60.1504
-133.3333	-60.1591
-133.1418	-60.3159
-133.0000	-60.4368
-132.9574	-60.4806
-132.8364	-60.6444
-132.6667	-60.7815
-132.6264	-60.8074
-132.3333	-60.9473
-132.2371	-60.9696
-132.0000	-61.0190
-131.6667	-61.0467
-131.3333	-61.0636
-131.0000	-61.1018
-130.8607	-61.1309
-130.6667	-61.2134
-130.5236	-61.2914
-130.3333	-61.4037
-130.2713	-61.4511
-130.1020	-61.6100
-130.0000	-61.7120
-129.9539	-61.7681
-129.8636	-61.9254
-129.8447	-62.0819
-129.9042	-62.2375
-130.0000	-62.3877
-130.0031	-62.3924
-130.0996	-62.5465
-130.1164	-62.6998
-130.0656	-62.8522
-130.0000	-62.9339
-129.9419	-63.0040
-129.7734	-63.1549
-129.6667	-63.2231
-129.4864	-63.3050
-129.3333	-63.3636
-129.0229	-63.4544
-129.0000	-63.4614
-128.6667	-63.5637
-128.5607	-63.6029
-128.3360	-63.7508
-128.3333	-63.7532
-128.1957	-63.8978
-128.1086	-64.0441
-128.0000	-64.1464
-127.9543	-64.1896
-127.6764	-64.3343
-127.6667	-64.3384
-127.3395	-64.4783
-127.3333	-64.4811
-127.0420	-64.6216
-127.0000	-64.6400
-126.7076	-64.7641
-126.6667	-64.7823
-126.3333	-64.9006
-126.3154	-64.9058
-126.0000	-65.0083
-125.8701	-65.0468
-125.6667	-65.1290
-125.5149	-65.1871
-125.3333	-65.2414
-125.0120	-65.3266
-125.0000	-65.3301
-124.6667	-65.3702
-124.3333	-65.4357
-124.1845	-65.4654
-124.0000	-65.5030
-123.6667	-65.5948
-123.6327	-65.6034
-123.3333	-65.6948
-123.1837	-65.7407
-123.0000	-65.7909
-122.7063	-65.8773
-122.6667	-65.8880
-122.3333	-65.9665
-122.1184	-66.0132
-122.0000	-66.0355
-121.6667	-66.1080
-121.5069	-66.1483
-121.3333	-66.1864
-121.0000	-66.2551
-120.8477	-66.2828
-120.6667	-66.3115
-120.3333	-66.3607
-120.0000	-66.4007
-119.8115	-66.4165
-119.6667	-66.4285
-119.3333	-66.4445
-119.0000	-66.4525
-118.6667	-66.4586
-118.3333	-66.4726
-118.0000	-66.4978
-117.6667	-66.5306
-117.5100	-66.5495
-117.3333	-66.5707
-117.0000	-66.6151
-116.6667	-66.6548
-116.4852	-66.6818
-116.3333	-66.7058
-116.0000	-66.7570
-115.6667	-66.7988
-115.5133	-66.8134
-115.3333	-66.8295
-115.0000	-66.8616
-114.6667	-66.8886
-114.3333	-66.9153
-114.0000	-66.9431
-113.9863	-66.9443
-113.6667	-66.9707
-113.3333	-66.9936
-113.0000	-67.0248
-112.6667	-67.0611
-112.5438	-67.0745
-112.3333	-67.1004
-112.0000	-67.1336
-111.6667	-67.1665
-111.3333	-67.1959
-111.2271	-67.2040
-111.0000	-67.2233
-110.6667	-67.2499
-110.3333	-67.2759
-110.0000	-67.3009
-109.7010	-67.3328
-109.6667	-67.3363
-109.3333	-67.3795
-109.0000	-67.4247
-108.7107	-67.4609
-108.6667	-67.4659
-108.3333	-67.5037
-108.0000	-67.5378
-107.6667	-67.5702
-107.4970	-67.5883
-107.3333	-67.6065
-107.0000	-67.6416
-106.6667	-67.6744
-106.3333	-67.7112
-106.3030	-67.7151
-106.0000	-67.7520
-105.6667	-67.7905
-105.3333	-67.8240
-105.1266	-67.8411
-105.0000	-67.8512
-104.6667	-67.8714
-104.3333	-67.8818
-104.0000	-67.8824
-103.6667	-67.8734
-103.3333	-67.8571
-103.0000	-67.8421
-102.9716	-67.8411
-102.6667	-67.8303
-102.3333	-67.8271
-102.0000	-67.8327
-101.7336	-67.8411
-101.6667	-67.8434
-101.3333	-67.8600
-101.0000	-67.8837
-100.6667	-67.9075
-100.3333	-67.9300
-100.0000	-67.9477
-99.6667	-67.9663
-99.6627	-67.9665
-99.3333	-67.9824
-99.0000	-67.9993
-98.6667	-68.0122
-98.3333	-68.0181
-98.0000	-68.0121
-97.6667	-68.0202
-97.3333	-68.0368
-97.0000	-68.0538
-96.6667	-68.0494
-96.3333	-68.0621
-96.0000	-68.0672
-95.6667	-68.0568
-95.3333	-68.0390
-95.0000	-68.0315
-94.6667	-68.0356
-94.3333	-68.0405
-94.0000	-68.0390
-93.6667	-68.0466
-93.3333	-68.0493
-93.0000	-68.0432
-92.6667	-68.0333
-92.3333	-68.0317
-92.0000	-68.0383
-91.6667	-68.0441
-91.3333	-68.0476
-91.0000	-68.0719
-90.8066	-68.0912
-90.6667	-68.1081
-90.3333	-68.1183
-90.0000	-68.1079
-89.7305	-68.0912
-89.6667	-68.0880
-89.3333	-68.0780
-89.0000	-68.0662
-88.6667	-68.0455
-88.3333	-68.0084
-88.0836	-67.9665
-88.0000	-67.9519
-87.6667	-67.8905
-87.4339	-67.8411
-87.3333	-67.8242
-87.0000	-67.7858
-86.6667	-67.7509
-86.3333	-67.7307
-86.0000	-67.7218
-85.6667	-67.7262
-85.3333	-67.7371
-85.0000	-67.7594
-84.6667	-67.7856
-84.3333	-67.8025
-84.0000	-67.8037
-83.6667	-67.7948
-83.3333	-67.7666
-83.0000	-67.7276
-82.9143	-67.7151
-82.6667	-67.6715
-82.3333	-67.6061
-82.2588	-67.5883
-82.0000	-67.5181
-81.7683	-67.4609
-81.6667	-67.4318
-81.3333	-67.3418
-81.2943	-67.3328
-81.0000	-67.2731
-80.6667	-67.2098
-80.6279	-67.2040
-80.3333	-67.1603
-80.0000	-67.0947
-79.9009	-67.0745
-79.6667	-67.0298
-79.3333	-66.9540
-79.2934	-66.9443
-79.0000	-66.8457
-78.9143	-66.8134
-78.6667	-66.7091
-78.5784	-66.6818
-78.3333	-66.5772
-78.2449	-66.5495
-78.0000	-66.4765
-77.8281	-66.4165
-77.6667	-66.3875
-77.3333	-66.3117
-77.2109	-66.2828
-77.0000	-66.2365
-76.6667	-66.1580
-76.6401	-66.1483
-76.3333	-66.0690
-76.1855	-66.0132
-76.0000	-65.9436
-75.8545	-65.8773
-75.6667	-65.8339
-75.3567	-65.7407
-75.3333	-65.7328
-75.0307	-65.6034
-75.0000	-65.5930
-74.6667	-65.4818
-74.6148	-65.4654
-74.3333	-65.3768
-74.1480	-65.3266
-74.0000	-65.2884
-73.6667	-65.2337
-73.3333	-65.1947
-73.2669	-65.1871
-73.0000	-65.1389
-72.6667	-65.0508
-72.6555	-65.0468
-72.4214	-64.9058
-72.3333	-64.8135
-72.2912	-64.7641
-72.1758	-64.6216
-72.0000	-64.4948
-71.9773	-64.4783
-71.7243	-64.3343
-71.6667	-64.3067
-71.4396	-64.1896
-71.3333	-64.1517
-71.0414	-64.0441
-71.0000	-64.0319
-70.6667	-63.9301
-70.5453	-63.8978
-70.3333	-63.8579
-70.0000	-63.7984
-69.7456	-63.7508
-69.6667	-63.7359
-69.3333	-63.6808
-69.0000	-63.6328
-68.7146	-63.6029
-68.6667	-63.5988
-68.3333	-63.5843
-68.0000	-63.5843
-67.6667	-63.5964
-67.3333	-63.5950
-67.0000	-63.5521
-66.7230	-63.4544
-66.6667	-63.4196
-66.5262	-63.3050
-66.4808	-63.1549
-66.4844	-63.0040
-66.5143	-62.8522
-66.4635	-62.6998
-66.3333	-62.5848
-66.2497	-62.5465
-66.0000	-62.4765
-65.6667	-62.4494
-65.3333	-62.4663
-65.0000	-62.5036
-64.6667	-62.5127
-64.3333	-62.4881
-64.0000	-62.4220
-63.8973	-62.3924
-63.6667	-62.3281
-63.3871	-62.2375
-63.3333	-62.2191
-63.0000	-62.0935
-62.9696	-62.0819
-62.6667	-61.9656
-62.5540	-61.9254
-62.3333	-61.7907
-62.2926	-61.7681
-62.0723	-61.6100
-62.0000	-61.5563
-61.8374	-61.4511
-61.6667	-61.3511
-61.5467	-61.2914
-61.3333	-61.1825
-61.2218	-61.1309
-61.0000	-61.0246
-60.8612	-60.9696
-60.6667	-60.8764
-60.4557	-60.8074
-60.3333	-60.7654
-60.0000	-60.6680
-59.8750	-60.6444
-59.6667	-60.6206
-59.3333	-60.5925
-59.0000	-60.5611
-58.6667	-60.5280
-58.3333	-60.5039
-58.1650	-60.4806
-58.0000	-60.3849
-57.9388	-60.3159
-58.0000	-60.2828
-58.1188	-60.1504
-58.3333	-60.0191
-58.3920	-59.9841
-58.6667	-59.8563
-58.7554	-59.8169
-59.0000	-59.7347
-59.2292	-59.6489
-59.3333	-59.6031
-59.5789	-59.4801
-59.6667	-59.3843
-59.7075	-59.3104
-59.7252	-59.1398
-59.6667	-59.0493
-59.5981	-58.9684
-59.3766	-58.7961
-59.3333	-58.7728
-59.0000	-58.6539
-58.8147	-58.6230
-58.6667	-58.6063
-58.3333	-58.5993
-58.0000	-58.6008
-57.6667	-58.5986
-57.3333	-58.6111
-57.2307	-58.6230
-57.0000	-58.6558
-56.6667	-58.7223
-56.3333	-58.7907
-56.3125	-58.7961
-56.0000	-58.8673
-55.6667	-58.9371
-55.4967	-58.9684
-55.3333	-58.9963
-55.0000	-59.0338
-54.6667	-59.0342
-54.3333	-58.9755
-54.3111	-58.9684
-54.0000	-58.9008
-53.6667	-58.8325
-53.5105	-58.7961
-53.3333	-58.7627
-53.0000	-58.6792
-52.8294	-58.6230
-52.6667	-58.5568
-52.4678	-58.4490
-52.3333	-58.3649
-52.1906	-58.2742
-52.0000	-58.1632
-51.8523	-58.0984
-51.6667	-58.0223
-51.3333	-57.9447
-51.0000	-57.9334
-50.6667	-57.9548
-50.3333	-57.9912
-50.0000	-58.0281
-49.6667	-58.0547
-49.3333	-58.0577
-49.0000	-58.0129
-48.7272	-57.9218
-48.6667	-57.8871
-48.4406	-57.7444
-48.3333	-57.6679
-48.1774	-57.5660
-48.0000	-57.4856
-47.7758	-57.3868
-47.6667	-57.3632
-47.3333	-57.3181
-47.0000	-57.3146
-46.6667	-57.3541
-46.5311	-57.3868
-46.3333	-57.4694
-46.0091	-57.5660
-46.0000	-57.5689
-45.6667	-57.5886
-45.5650	-57.5660
-45.3333	-57.5243
-45.0000	-57.3943
-44.9839	-57.3868
-44.6667	-57.2537
-44.5589	-57.2067
-44.3333	-57.0878
-44.2097	-57.0258
-44.0000	-56.8923
-43.9200	-56.8439
-43.6667	-56.7453
-43.3333	-56.6619
-43.3240	-56.6611
-43.0000	-56.6393
-42.7805	-56.6611
-42.6667	-56.6792
-42.3333	-56.7916
-42.2253	-56.8439
-42.0272	-57.0258
-42.0000	-57.0377
-41.6667	-57.1412
-41.3333	-57.2050
-41.3006	-57.2067
-41.0000	-57.2179
-40.6667	-57.2097
-40.6367	-57.2067
-40.3333	-57.1226
-40.1918	-57.0258
-40.1332	-56.8439
-40.0466	-56.6611
-40.0868	-56.4775
-40.1181	-56.2930
-40.1496	-56.1075
-40.1233	-55.9212
-40.0000	-55.7498
-39.9890	-55.7340
-39.7610	-55.5459
-39.6667	-55.4857
-39.4364	-55.3568
-39.3333	-55.3146
-39.0000	-55.2264
-38.6667	-55.2142
-38.3333	-55.2876
-38.1568	-55.3568
-38.0000	-55.4371
-37.8160	-55.5459
-37.6667	-55.6383
-37.4857	-55.7340
-37.3333	-55.8030
-37.0000	-55.9082
-36.9267	-55.9212
-36.6667	-55.9795
-36.3333	-56.0448
-36.0000	-56.0024
-35.6667	-55.9282
-35.6067	-55.9212
-35.3333	-55.8910
-35.0000	-55.8396
-34.6667	-55.7666
-34.4637	-55.7340
-34.3333	-55.7054
-34.0000	-55.5499
-33.9949	-55.5459
-33.8943	-55.3568
-33.8766	-55.1669
-33.9449	-54.9760
-34.0000	-54.8939
-34.0855	-54.7843
-34.2761	-54.5916
-34.3333	-54.5592
-34.6667	-54.4097
-34.6904	-54.3980
-34.8815	-54.2035
-35.0000	-54.0653
-35.0492	-54.0081
-35.2112	-53.8117
-35.3333	-53.7158
-35.4723	-53.6144
-35.6667	-53.5154
-35.9259	-53.4162
-36.0000	-53.3440
-36.1256	-53.2171
-36.2603	-53.0170
-36.3327	-52.8160
-36.3333	-52.8131
-36.3742	-52.6141
-36.5124	-52.4113
-36.4775	-52.2075
-36.3333	-52.1737
-36.1229	-52.2075
-36.0000	-52.2306
-35.6667	-52.3186
-35.4670	-52.4113
-35.3333	-52.4711
-35.0410	-52.6141
-35.0000	-52.6265
-34.6667	-52.6757
-34.3333	-52.6444
-34.2619	-52.6141
-34.1574	-52.4113
-34.0105	-52.2075
-34.0238	-52.0027
-34.0632	-51.7970
-34.0000	-51.6751
-33.8998	-51.5904
-33.8411	-51.3829
-33.6667	-51.1892
-33.6555	-51.1743
-33.3333	-51.0485
-33.0000	-51.0227
-32.6667	-51.0450
-32.3333	-51.0879
-32.0000	-51.1687
-31.9760	-51.1743
-31.6667	-51.2442
-31.3333	-51.3281
-31.0985	-51.3829
-31.0000	-51.4222
-30.6667	-51.5295
-30.3333	-51.5722
-30.1509	-51.5904
-30.0000	-51.6208
-29.6667	-51.6563
-29.3333	-51.6368
-29.1162	-51.5904
-29.0000	-51.5783
-28.6667	-51.5546
-28.4338	-51.5904
-28.3333	-51.6208
-28.0775	-51.7970
-28.0000	-51.8820
-27.9187	-52.0027
-27.8413	-52.2075
-27.8158	-52.4113
-27.7753	-52.6141
-27.8552	-52.8160
-27.7734	-53.0170
-27.6667	-53.2039
-27.6582	-53.2171
-27.3941	-53.4162
-27.3333	-53.4392
-27.0000	-53.5189
-26.6667	-53.5656
-26.3333	-53.5969
-26.0000	-53.5977
-25.6667	-53.5719
-25.3333	-53.5498
-25.0000	-53.5475
-24.6667	-53.5952
-24.6164	-53.6144
-24.5262	-53.8117
-24.4453	-54.0081
-24.3333	-54.1201
-24.2396	-54.2035
-24.0000	-54.3021
-23.6667	-54.3781
-23.3333	-54.3883
-23.0000	-54.3535
-22.6667	-54.2928
-22.3333	-54.2522
-22.0000	-54.2566
-21.6667	-54.2862
-21.3333	-54.3221
-21.0000	-54.3621
-20.6857	-54.3980
-20.6667	-54.3997
-20.3333	-54.4334
-20.0000	-54.4746
-19.6667	-54.5144
-19.3333	-54.5550
-19.0087	-54.5916
-19.0000	-54.5938
-18.6667	-54.6964
-18.4504	-54.7843
-18.3333	-54.8224
-18.0000	-54.9044
-17.6818	-54.9760
-17.6667	-54.9786
-17.3333	-55.0348
-17.0000	-55.0310
-16.6667	-54.9884
-16.5739	-54.9760
-16.3333	-54.9386
-16.0000	-54.9413
-15.6667	-54.9474
-15.3333	-54.9132
-15.0000	-54.8222
-14.9051	-54.7843
-14.6667	-54.7086
-14.3631	-54.5916
-14.3333	-54.5803
-14.0000	-54.4798
-13.6667	-54.4406
-13.3333	-54.4403
-13.0000	-54.4476
-12.6667	-54.4433
-12.3333	-54.4199
-12.0908	-54.3980
-12.0000	-54.3882
-11.6667	-54.3507
-11.3333	-54.2705
-11.1425	-54.2035
-11.0000	-54.1613
-10.6667	-54.0637
-10.4833	-54.0081
-10.3333	-53.9630
-10.0000	-53.8463
-9.9129	-53.8117
-9.6667	-53.6755
-9.5407	-53.6144
-9.4639	-53.4162
-9.6667	-53.3054
-9.7806	-53.2171
-9.6925	-53.0170
-9.6667	-53.0023
-9.3333	-52.8233
-9.3121	-52.8160
-9.0000	-52.7295
-8.6746	-52.6141
-8.6667	-52.6113
-8.3333	-52.4699
-8.1810	-52.4113
-8.0280	-52.2075
-8.0000	-52.1964
-7.6667	-52.1437
-7.3333	-52.0759
-7.0000	-52.0189
-6.9317	-52.0027
-6.6667	-51.9463
-6.3333	-51.8466
-6.2385	-51.7970
-6.0000	-51.6002
-5.9889	-51.5904
-5.7227	-51.3829
-5.7404	-51.1743
-5.6667	-51.0998
-5.3333	-51.0240
-5.0000	-51.0148
-4.6667	-51.0415
-4.3333	-51.0454
-4.0000	-51.0599
-3.6667	-51.0920
-3.3333	-51.1410
-3.2117	-51.1743
-3.0000	-51.3531
-2.9664	-51.3829
-2.9076	-51.5904
-2.7308	-51.7970
-2.6667	-51.8299
-2.3333	-51.9988
-2.3211	-52.0027
-2.0000	-52.0741
-1.6667	-52.1200
-1.3333	-52.1728
-1.1625	-52.2075
-1.0000	-52.2409
-0.6667	-52.3568
-0.5538	-52.4113
-0.3333	-52.4714
0.0000	-52.5301
0.3333	-52.5670
0.6667	-52.5788
1.0000	-52.5567
1.3333	-52.4482
1.4292	-52.4113
1.6667	-52.2630
2.0000	-52.2333
2.3333	-52.3145
2.6521	-52.4113
2.6667	-52.4142
3.0000	-52.5292
3.2112	-52.6141
3.3333	-52.6810
3.6667	-52.8046
3.7407	-52.8160
4.0000	-52.8425
4.3333	-52.8674
4.6667	-52.8995
5.0000	-52.9265
5.3333	-52.9506
5.6667	-52.9656
6.0000	-52.9631
6.3333	-52.9394
6.6667	-52.9143
7.0000	-52.8803
7.3333	-52.8610
7.6667	-52.8576
8.0000	-52.8814
8.3333	-52.9068
8.6667	-52.9295
9.0000	-52.9351
9.3333	-52.9152
9.6667	-52.8597
9.8182	-52.8160
10.0000	-52.7667
10.3333	-52.6630
10.4816	-52.6141
10.6667	-52.5588
11.0000	-52.4551
11.1329	-52.4113
11.3333	-52.3174
11.6105	-52.2075
11.6667	-52.1853
12.0000	-52.0577
12.1287	-52.0027
12.3333	-51.9314
12.6667	-51.8022
12.6846	-51.7970
13.0000	-51.7297
13.3333	-51.7127
13.6667	-51.7703
13.7154	-51.7970
14.0000	-51.9785
14.0394	-52.0027
14.3333	-52.1282
14.6667	-52.1446
15.0000	-52.1094
15.3333	-52.0539
15.6548	-52.0027
15.6667	-52.0004
16.0000	-51.9636
16.3333	-51.9569
16.6116	-52.0027
16.6667	-52.0116
17.0000	-52.0513
17.3333	-52.0483
17.6246	-52.0027
17.6667	-51.9947
18.0000	-51.8893
18.3000	-51.7970
18.3333	-51.7837
18.6667	-51.6931
19.0000	-51.6734
19.3333	-51.7078
19.6667	-51.7709
19.7973	-51.7970
20.0000	-51.8272
20.3333	-51.8485
20.6667	-51.8324
21.0000	-51.8014
21.0276	-51.7970
21.3333	-51.7294
21.6667	-51.6204
21.7567	-51.5904
22.0000	-51.5399
22.3333	-51.4989
22.6667	-51.4661
23.0000	-51.4516
23.3333	-51.4322
23.6667	-51.4126
24.0000	-51.3928
24.3333	-51.3850
24.6667	-51.4186
25.0000	-51.5151
25.2579	-51.5904
25.3333	-51.6506
25.6667	-51.7344
26.0000	-51.6274
26.1138	-51.5904
26.3333	-51.5502
26.6667	-51.4997
27.0000	-51.4567
27.3333	-51.4883
27.5781	-51.5904
27.6667	-51.7732
27.6736	-51.7970
27.7135	-52.0027
27.7296	-52.2075
27.7204	-52.4113
27.7793	-52.6141
27.8351	-52.8160
27.8957	-53.0170
27.9737	-53.2171
28.0000	-53.2504
28.1800	-53.4162
28.3333	-53.4893
28.6667	-53.5992
28.7205	-53.6144
29.0000	-53.6877
29.3333	-53.8070
29.3425	-53.8117
29.6667	-53.9752
29.7294	-54.0081
30.0000	-54.1248
30.2368	-54.2035
30.3333	-54.2312
30.6667	-54.3116
30.9683	-54.3980
31.0000	-54.4084
31.3333	-54.5414
31.4369	-54.5916
31.6667	-54.7234
31.7870	-54.7843
32.0000	-54.8694
32.3333	-54.9678
32.3798	-54.9760
32.6667	-55.0278
33.0000	-55.0972
33.2197	-55.1669
33.3333	-55.1965
33.6667	-55.3120
33.7576	-55.3568
34.0000	-55.5016
34.0641	-55.5459
34.3333	-55.7030
34.4536	-55.7340
34.6667	-55.7740
35.0000	-55.7810
35.3333	-55.7749
35.6667	-55.7482
35.9564	-55.7340
36.0000	-55.7315
36.3333	-55.7144
36.6667	-55.7118
37.0000	-55.7145
37.3265	-55.7340
37.3333	-55.7344
37.6667	-55.7655
38.0000	-55.8029
38.3333	-55.8308
38.6667	-55.8386
39.0000	-55.8301
39.3333	-55.8114
39.6667	-55.7742
39.8661	-55.7340
40.0000	-55.7073
40.3333	-55.6204
40.5370	-55.5459
40.6667	-55.5056
41.0000	-55.3949
41.1451	-55.3568
41.3333	-55.3071
41.6667	-55.2441
42.0000	-55.1969
42.2513	-55.1669
42.3333	-55.1565
42.6667	-55.1240
43.0000	-55.0913
43.3333	-55.0457
43.6667	-54.9872
43.7269	-54.9760
44.0000	-54.9081
44.3333	-54.8371
44.5366	-54.7843
44.6667	-54.7558
45.0000	-54.6834
45.3333	-54.6442
45.6667	-54.6492
46.0000	-54.6709
46.3333	-54.7041
46.6667	-54.7211
47.0000	-54.7258
47.3333	-54.7326
47.6667	-54.7507
48.0000	-54.7659
48.3333	-54.7821
48.3568	-54.7843
48.6667	-54.8265
49.0000	-54.8850
49.3333	-54.9549
49.4309	-54.9760
49.6667	-55.0502
50.0000	-55.1180
50.3333	-55.1624
50.3616	-55.1669
50.6667	-55.2790
50.8961	-55.3568
50.6667	-55.5317
50.5828	-55.5459
50.3333	-55.5614
50.0000	-55.6246
49.7345	-55.7340
49.6667	-55.7956
49.5549	-55.9212
49.6667	-56.0119
49.7522	-56.1075
50.0000	-56.2435
50.0954	-56.2930
50.3333	-56.3923
50.5376	-56.4775
50.6667	-56.5278
51.0000	-56.6337
51.1121	-56.6611
51.3333	-56.7387
51.6667	-56.8225
51.8680	-56.8439
52.0000	-56.8599
52.3333	-56.8690
52.6667	-56.8856
53.0000	-56.9194
53.3333	-56.9657
53.6667	-57.0232
53.6776	-57.0258
54.0000	-57.1315
54.2385	-57.2067
54.3333	-57.2388
54.6667	-57.3133
55.0000	-57.3647
55.1607	-57.3868
55.3333	-57.4081
55.6667	-57.4415
56.0000	-57.4598
56.3333	-57.4635
56.6667	-57.4709
57.0000	-57.5035
57.3333	-57.5510
57.4130	-57.5660
57.6667	-57.6895
57.7576	-57.7444
57.7473	-57.9218
57.6667	-58.0145
57.5887	-58.0984
57.6667	-58.2683
57.6748	-58.2742
58.0000	-58.3185
58.3333	-58.3686
58.6667	-58.4455
58.6877	-58.4490
59.0000	-58.4935
59.3333	-58.5266
59.6667	-58.5439
60.0000	-58.5669
60.3333	-58.5909
60.6667	-58.6090
60.9652	-58.6230
61.0000	-58.6256
61.3333	-58.6502
61.6667	-58.6816
62.0000	-58.7046
62.3333	-58.6962
62.6667	-58.6508
62.8285	-58.6230
63.0000	-58.5912
63.3333	-58.5976
63.4466	-58.6230
63.5493	-58.7961
63.6067	-58.9684
63.6667	-59.0294
63.7427	-59.1398
64.0000	-59.2292
64.3333	-59.3037
64.3634	-59.3104
64.6667	-59.3629
65.0000	-59.4037
65.3333	-59.4154
65.6667	-59.4133
66.0000	-59.4049
66.3333	-59.3921
66.6667	-59.3904
67.0000	-59.3948
67.3333	-59.4015
67.6667	-59.4120
68.0000	-59.4181
68.3333	-59.4107
68.6667	-59.3801
69.0000	-59.3122
69.0068	-59.3104
69.3333	-59.2081
69.5911	-59.1398
69.6667	-59.1186
70.0000	-59.0890
70.3333	-59.1362
70.3424	-59.1398
70.6460	-59.3104
70.6667	-59.3225
70.8868	-59.4801
71.0000	-59.5433
71.3280	-59.6489
71.3333	-59.6537
71.6667	-59.7813
72.0000	-59.8038
72.1466	-59.8169
72.3333	-59.8297
72.4299	-59.8169
72.3655	-59.6489
72.6667	-59.5855
72.9002	-59.4801
73.0000	-59.4390
73.2097	-59.3104
73.3333	-59.2448
73.5097	-59.1398
73.6667	-59.0642
73.9257	-58.9684
74.0000	-58.9277
74.3215	-58.7961
74.3333	-58.7829
74.4980	-58.6230
74.6667	-58.5981
75.0000	-58.5779
75.3333	-58.5828
75.6667	-58.6211
76.0000	-58.6006
76.3333	-58.5281
76.5714	-58.4490
76.4685	-58.2742
76.3333	-58.2440
76.0000	-58.1987
75.7178	-58.0984
75.9085	-57.9218
75.9975	-57.7444
76.0000	-57.7421
76.2373	-57.5660
76.3333	-57.5204
76.6667	-57.3886
76.6742	-57.3868
76.6667	-57.3662
76.6499	-57.2067
76.6667	-57.1771
76.7747	-57.0258
76.9500	-56.8439
76.7884	-56.6611
77.0000	-56.4925
77.0334	-56.4775
77.3333	-56.3623
77.5199	-56.2930
77.6667	-56.1775
77.7390	-56.1075
78.0000	-56.0558
78.3333	-55.9476
78.4005	-55.9212
78.6667	-55.8180
78.8454	-55.7340
79.0000	-55.6645
79.2454	-55.5459
79.3333	-55.5106
79.6667	-55.3613
79.6799	-55.3568
79.7322	-55.1669
79.6921	-54.9760
79.6667	-54.9610
79.3892	-54.7843
79.3333	-54.7619
79.1285	-54.5916
79.2604	-54.3980
79.2556	-54.2035
79.3333	-54.0162
79.3397	-54.0081
79.5616	-53.8117
79.6667	-53.6538
80.0000	-53.7049
80.1465	-53.8117
80.3333	-53.9041
80.4529	-54.0081
80.5600	-54.2035
80.4997	-54.3980
80.6667	-54.4898
80.8824	-54.5916
81.0000	-54.7692
81.0127	-54.7843
81.2478	-54.9760
81.3333	-55.0794
81.4146	-55.1669
81.3333	-55.2532
81.2662	-55.3568
81.3115	-55.5459
81.3333	-55.7162
81.3358	-55.7340
81.4197	-55.9212
81.6667	-56.0361
81.7887	-56.1075
82.0000	-56.2716
82.0247	-56.2930
82.3333	-56.4221
82.4953	-56.4775
82.6667	-56.5183
83.0000	-56.6073
83.1545	-56.6611
83.3333	-56.7208
83.6568	-56.8439
83.6667	-56.8475
84.0000	-56.9598
84.2279	-57.0258
84.3333	-57.0617
84.6667	-57.1864
84.7205	-57.2067
84.9937	-57.3868
85.0000	-57.3920
85.2147	-57.5660
85.3333	-57.6638
85.4541	-57.7444
85.6667	-57.8533
85.8918	-57.9218
86.0000	-57.9486
86.3333	-57.9864
86.6667	-57.9850
87.0000	-57.9483
87.1218	-57.9218
87.3333	-57.8764
87.6667	-57.8056
87.9163	-57.7444
88.0000	-57.6884
88.1382	-57.5660
88.0813	-57.3868
88.0000	-57.3479
87.7430	-57.2067
87.6667	-57.1610
87.4484	-57.0258
87.3333	-56.9269
87.2422	-56.8439
87.2991	-56.6611
87.3333	-56.6458
87.6667	-56.6023
88.0000	-56.6016
88.3333	-56.6269
88.5791	-56.6611
88.6667	-56.6890
89.0000	-56.8219
89.0623	-56.8439
89.3333	-56.9475
89.6667	-56.9874
90.0000	-56.9915
90.3333	-56.9719
90.6667	-56.9526
91.0000	-56.8999
91.2915	-56.8439
91.3333	-56.8341
91.6667	-56.7987
91.8286	-56.8439
92.0000	-56.8929
92.2529	-57.0258
92.3333	-57.0684
92.6667	-57.2060
92.6687	-57.2067
93.0000	-57.2718
93.3333	-57.2997
93.6667	-57.2899
94.0000	-57.2344
94.1162	-57.2067
94.3333	-57.1386
94.6667	-57.0273
94.6722	-57.0258
95.0000	-56.9119
95.2269	-56.8439
95.3333	-56.7924
95.6142	-56.6611
95.6667	-56.6517
96.0000	-56.6252
96.3333	-56.6252
96.6667	-56.6092
97.0000	-56.5890
97.3333	-56.5589
97.6667	-56.5239
98.0000	-56.4799
98.0115	-56.4775
98.3333	-56.4096
98.6667	-56.3259
98.7723	-56.2930
99.0000	-56.2141
99.3038	-56.1075
99.3333	-56.0959
99.6667	-55.9935
100.0000	-55.9324
100.1446	-55.9212
100.3333	-55.9080
100.6667	-55.8906
101.0000	-55.8581
101.3333	-55.8004
101.6307	-55.7340
101.6667	-55.7263
102.0000	-55.6318
102.2285	-55.5459
102.3333	-55.5050
102.6667	-55.3653
102.6961	-55.3568
103.0000	-55.2927
103.3333	-55.2652
103.6667	-55.2836
104.0000	-55.3485
104.0282	-55.3568
104.3333	-55.4609
104.5229	-55.5459
104.6667	-55.6499
104.7739	-55.7340
104.9811	-55.9212
105.0000	-55.9330
105.3333	-56.0605
105.4996	-56.1075
105.6667	-56.1516
106.0000	-56.2215
106.3333	-56.2648
106.6667	-56.2886
106.7119	-56.2930
107.0000	-56.3217
107.3333	-56.3828
107.6478	-56.4775
107.6667	-56.4848
108.0000	-56.6268
108.0857	-56.6611
108.3224	-56.8439
108.3333	-56.8545
108.5747	-57.0258
108.6667	-57.0899
108.8046	-57.2067
108.9409	-57.3868
109.0000	-57.4314
109.1664	-57.5660
109.3333	-57.6450
109.5785	-57.7444
109.6667	-57.7733
110.0000	-57.8886
110.0901	-57.9218
110.3333	-58.0479
110.4184	-58.0984
110.5858	-58.2742
110.6667	-58.4085
110.6926	-58.4490
110.7438	-58.6230
110.9472	-58.7961
111.0000	-58.8383
111.2887	-58.9684
111.3333	-58.9840
111.6667	-59.0456
112.0000	-59.0697
112.3333	-59.0998
112.5784	-59.1398
112.6667	-59.1555
113.0000	-59.2530
113.2010	-59.3104
113.3333	-59.3435
113.6667	-59.4084
114.0000	-59.4725
114.0363	-59.4801
114.3333	-59.5457
114.5882	-59.6489
114.6667	-59.6713
115.0000	-59.7821
115.1101	-59.8169
115.3333	-59.8672
115.6667	-59.9317
115.9780	-59.9841
116.0000	-59.9875
116.3333	-60.0187
116.6667	-60.0263
117.0000	-60.0092
117.3333	-59.9867
117.3996	-59.9841
117.6667	-59.9739
118.0000	-59.9773
118.1186	-59.9841
118.3333	-59.9958
118.6667	-60.0229
119.0000	-60.0617
119.3333	-60.1133
119.5267	-60.1504
119.6667	-60.1736
120.0000	-60.2392
120.3333	-60.2969
120.4806	-60.3159
120.6667	-60.3413
121.0000	-60.3713
121.3333	-60.3915
121.6667	-60.4163
122.0000	-60.4388
122.3333	-60.4726
122.3890	-60.4806
122.6667	-60.5250
123.0000	-60.5926
123.2643	-60.6444
123.3333	-60.6567
123.6667	-60.7089
124.0000	-60.7532
124.3333	-60.7994
124.3898	-60.8074
124.6667	-60.8519
125.0000	-60.8985
125.3333	-60.9411
125.5821	-60.9696
125.6667	-60.9788
126.0000	-61.0135
126.3333	-61.0569
126.6667	-61.1122
126.7632	-61.1309
127.0000	-61.1732
127.3333	-61.2294
127.6667	-61.2812
127.7458	-61.2914
128.0000	-61.3201
128.3333	-61.3488
128.6667	-61.3736
129.0000	-61.3968
129.3333	-61.4240
129.6277	-61.4511
129.6667	-61.4546
130.0000	-61.4824
130.3333	-61.5207
130.6667	-61.5629
131.0000	-61.6047
131.0493	-61.6100
131.3333	-61.6510
131.6667	-61.6758
132.0000	-61.6719
132.3333	-61.6451
132.6431	-61.6100
132.6667	-61.6084
133.0000	-61.5878
133.3333	-61.5797
133.6667	-61.5931
133.8217	-61.6100
134.0000	-61.6402
134.3333	-61.7134
134.6487	-61.7681
134.6667	-61.7712
135.0000	-61.8034
135.3333	-61.8250
135.6667	-61.8248
136.0000	-61.8085
136.3333	-61.7956
136.6667	-61.7882
137.0000	-61.7833
137.3333	-61.7810
137.6667	-61.7758
137.9214	-61.7681
138.0000	-61.7659
138.3333	-61.7648
138.4250	-61.7681
138.6667	-61.7773
139.0000	-61.8063
139.3333	-61.8392
139.6667	-61.8704
140.0000	-61.8972
140.3333	-61.9186
140.4617	-61.9254
140.6667	-61.9364
141.0000	-61.9494
141.3333	-61.9678
141.6667	-61.9826
142.0000	-61.9893
142.3333	-61.9915
142.6667	-61.9851
143.0000	-61.9616
143.1649	-61.9254
143.3333	-61.8578
143.4900	-61.7681
143.6608	-61.6100
143.6667	-61.6056
143.9309	-61.4511
144.0000	-61.4223
144.3333	-61.3353
144.6348	-61.2914
144.6667	-61.2874
145.0000	-61.2569
145.3333	-61.2305
145.6667	-61.2000
146.0000	-61.1686
146.3172	-61.1309
146.3333	-61.1291
146.6667	-61.0665
147.0000	-60.9710
147.0042	-60.9696
147.3333	-60.8369
147.4034	-60.8074
147.6667	-60.6662
147.7065	-60.6444
147.9760	-60.4806
148.0000	-60.4654
148.1988	-60.3159
148.3333	-60.1983
148.3715	-60.1504
148.4373	-59.9841
148.4410	-59.8169
148.3707	-59.6489
148.5301	-59.4801
148.6667	-59.3607
148.7076	-59.3104
148.8571	-59.1398
148.9018	-58.9684
148.9260	-58.7961
148.9081	-58.6230
148.9016	-58.4490
148.8514	-58.2742
148.7391	-58.0984
148.7406	-57.9218
149.0000	-57.8026
149.3333	-57.8306
149.6414	-57.9218
149.6667	-57.9320
149.9905	-58.0984
150.0000	-58.1032
150.3333	-58.2516
150.3979	-58.2742
150.6667	-58.3806
151.0000	-58.4487
151.3333	-58.4099
151.5318	-58.2742
151.6667	-58.2058
151.8442	-58.0984
152.0000	-58.0235
152.2717	-57.9218
152.3333	-57.8953
152.6667	-57.8335
152.8789	-57.9218
153.0000	-57.9779
153.1303	-58.0984
153.3333	-58.2017
153.4800	-58.2742
153.6667	-58.3388
154.0000	-58.4362
154.1072	-58.4490
154.3333	-58.4746
154.6667	-58.4660
154.7880	-58.4490
155.0000	-58.4218
155.3333	-58.3475
155.5714	-58.2742
155.6667	-58.2419
156.0000	-58.1119
156.0394	-58.0984
156.3333	-58.0144
156.6667	-58.0458
156.7395	-58.0984
156.8704	-58.2742
156.9893	-58.4490
157.0000	-58.4660
157.0694	-58.6230
157.2423	-58.7961
157.3333	-58.8669
157.4476	-58.9684
157.6667	-59.1287
157.6822	-59.1398
157.8356	-59.3104
158.0000	-59.4023
158.1605	-59.4801
158.3333	-59.5472
158.6667	-59.6383
158.7179	-59.6489
159.0000	-59.7043
159.3333	-59.7423
159.6667	-59.7500
160.0000	-59.7394
160.3333	-59.7278
160.6667	-59.7341
161.0000	-59.7915
161.0667	-59.8169
161.3333	-59.9425
161.3943	-59.9841
161.6301	-60.1504
161.6505	-60.3159
161.6667	-60.4081
161.6878	-60.4806
161.7136	-60.6444
162.0000	-60.7221
162.3333	-60.7752
162.5599	-60.8074
162.6667	-60.8185
163.0000	-60.8509
163.3333	-60.8971
163.6667	-60.9537
163.7486	-60.9696
164.0000	-61.0328
164.3333	-61.1088
164.4750	-61.1309
164.6667	-61.1602
165.0000	-61.2124
165.3189	-61.2914
165.3333	-61.2955
165.6667	-61.3886
165.8486	-61.4511
166.0000	-61.4888
166.3333	-61.5572
166.6380	-61.6100
166.6667	-61.6150
167.0000	-61.6780
167.3333	-61.7316
167.5235	-61.7681
167.6667	-61.7931
168.0000	-61.8463
168.3333	-61.8908
168.5757	-61.9254
168.6667	-61.9406
169.0000	-62.0013
169.3333	-62.0743
169.3673	-62.0819
169.6667	-62.1513
170.0000	-62.2199
170.0711	-62.2375
170.3333	-62.2944
170.6667	-62.3654
170.7824	-62.3924
171.0000	-62.4235
171.3333	-62.4700
171.6667	-62.5092
172.0000	-62.5448
172.0154	-62.5465
172.3333	-62.5842
172.6667	-62.6318
173.0000	-62.6891
173.0655	-62.6998
173.3333	-62.7434
173.6667	-62.7914
174.0000	-62.8311
174.2052	-62.8522
174.3333	-62.8708
174.6667	-62.9128
175.0000	-62.9587
175.3333	-62.9901
175.4743	-63.0040
175.6667	-63.0332
176.0000	-63.0847
176.1956	-63.1549
176.3333	-63.2032
176.5421	-63.3050
176.6667	-63.3495
176.9461	-63.4544
177.0000	-63.4679
177.3333	-63.5410
177.6667	-63.6029
177.6667	-63.6029
178.0000	-63.6652
178.3333	-63.7354
178.4069	-63.7508
178.6667	-63.8047
179.0000	-63.8510
179.3333	-63.8687
179.6667	-63.8633
180.0000	-63.8319
180.3333	-63.7877
180.6178	-63.7508
